h<-210
b<-297
h1<-200
b1<-240
h2<-h-h1
b2<-b-b1
h3<-h2/2
b3<-b2/2
h3
b3